100
40 45
61 34
80 64
4 28
84 98
67 2
100 57
77 79
69 57
34 95
20 27
55 92
42 25
70 70
81 50
13 82
61 64
86 96
100 23
89 12
44 79
90 97
58 72
96 84
72 83
70 41
42 74
81 12
7 4
28 77
27 100
75 64
1 76
33 19
13 69
46 78
81 11
22 49
17 20
91 82
20 83
34 45
64 70
34 10
79 20
84 36
59 23
17 36
36 47
13 78
47 6
16 57
51 85
72 9
9 48
85 76
49 85
35 45
61 20
15 8
64 76
58 14
21 34
90 50
12 94
32 29
59 78
2 85
85 71
85 91
28 70
11 71
85 42
70 20
100 6
63 73
72 43
40 15
12 72
74 51
67 31
27 88
72 20
95 7
21 92
43 86
19 76
19 2
13 62
51 79
29 44
83 40
61 8
79 89
99 97
19 16
96 67
85 73
78 13
85 43
